50 20
-1 -1 -1 -1 -1 -1 -1 -1 -1 -1 -1 -1 -1 -1 9 -1 -1 -1 -1 -1 -1 -1 -1 -1 -1 -1 -1 -1 -1 -1 -1 -1 -1 -1 -1 -1 -1 -1 -1 -1 -1 -1 -1 -1 -1 -1 -1 -1 -1 9
9 -1 -1 -1 -1 -1 -1 -1 -1 -1 -1 -1 -1 -1 9 -1 -1 -1 -1 -1 -1 -1 -1 -1 -1 -1 -1 -1 -1 -1 -1 -1 -1 -1 -1 -1 -1 -1 -1 -1 -1 -1 -1 -1 -1 -1 -1 -1 -1 9
9 -1 -1 -1 -1 -1 -1 -1 -1 -1 -1 -1 -1 -1 9 -1 -1 -1 -1 -1 -1 -1 -1 -1 -1 -1 -1 -1 -1 -1 -1 -1 -1 -1 -1 -1 -1 -1 -1 -1 -1 -1 -1 -1 -1 -1 -1 -1 -1 9
9 0 0 0 0 0 0 0 0 0 0 0 0 0 0 0 -1 -1 -1 -1 5 5 -1 -1 -1 -1 -1 -1 -1 -1 -1 -1 -1 -1 -1 -1 -1 -1 -1 -1 -1 -1 -1 -1 -1 -1 -1 -1 -1 9
9 -1 -1 -1 -1 -1 -1 -1 -1 -1 -1 -1 -1 -1 21 21 -1 14 -1 5 5 5 -1 -1 -1 -1 -1 -1 -1 -1 -1 -1 -1 -1 -1 -1 -1 -1 -1 14 14 -1 -1 -1 -1 -1 -1 -1 -1 9
9 -1 -1 -1 -1 -1 -1 -1 -1 -1 -1 -1 -1 -1 21 21 -1 -1 -1 14 14 5 -1 -1 -1 -1 -1 -1 -1 -1 -1 14 -1 -1 -1 -1 19 -1 -1 -1 -1 -1 -1 20 -1 -1 -1 -1 -1 9
9 -1 -1 -1 -1 -1 -1 -1 -1 -1 -1 -1 -1 -1 21 21 -1 -1 -1 5 5 -1 -1 -1 -1 -1 -1 -1 -1 5 5 -1 5 14 -1 19 2 -1 -1 -1 -1 -1 -1 2 20 -1 -1 -1 -1 9
9 0 0 0 0 0 5 5 5 0 0 0 0 0 0 7 5 5 5 5 5 14 14 14 14 14 14 14 14 -1 -1 -1 -1 -1 -1 0 0 0 0 0 0 0 0 0 0 14 14 -1 -1 9
7 -1 -1 -1 -1 -1 -1 -1 -1 -1 -1 -1 -1 -1 -1 13 -1 -1 -1 -1 5 -1 5 -1 -1 -1 -1 -1 -1 -1 -1 -1 -1 -1 -1 -1 -1 -1 -1 -1 -1 -1 -1 -1 -1 -1 -1 -1 -1 9
9 -1 -1 -1 -1 -1 -1 -1 -1 -1 -1 -1 -1 -1 -1 13 5 -1 -1 14 14 5 -1 -1 -1 -1 -1 -1 -1 -1 -1 -1 -1 -1 -1 -1 -1 -1 -1 -1 -1 -1 -1 -1 -1 -1 -1 14 14 9
9 -1 5 -1 -1 -1 -1 -1 -1 -1 -1 -1 -1 -1 5 13 14 -1 -1 5 5 5 -1 -1 -1 -1 -1 -1 -1 -1 -1 -1 -1 -1 -1 -1 -1 -1 -1 -1 -1 -1 -1 -1 -1 -1 -1 -1 -1 9
9 -1 5 -1 -1 -1 -1 -1 -1 -1 -1 -1 -1 -1 -1 13 -1 -1 -1 -1 5 5 -1 -1 -1 -1 -1 -1 -1 -1 -1 -1 -1 -1 -1 -1 -1 -1 -1 -1 -1 -1 -1 -1 -1 14 14 -1 -1 9
9 5 5 -1 -1 -1 -1 -1 -1 -1 -1 -1 5 -1 -1 13 -1 -1 -1 -1 -1 -1 -1 -1 -1 -1 -1 -1 -1 -1 -1 -1 -1 -1 -1 -1 -1 -1 -1 -1 -1 -1 -1 -1 -1 -1 -1 -1 -1 9
9 5 5 -1 -1 -1 -1 -1 -1 -1 -1 5 5 5 5 8 -1 -1 -1 -1 -1 -1 -1 -1 -1 -1 -1 -1 -1 -1 -1 -1 -1 -1 -1 -1 -1 -1 -1 -1 -1 -1 -1 -1 -1 -1 -1 14 14 9
9 5 5 5 5 5 5 -1 -1 -1 5 -1 -1 -1 -1 21 -1 -1 -1 -1 -1 -1 -1 -1 -1 -1 -1 -1 -1 -1 -1 -1 -1 -1 -1 -1 -1 -1 -1 -1 -1 -1 -1 5 -1 -1 -1 -1 -1 9
9 5 5 -1 -1 -1 -1 -1 -1 -1 -1 -1 -1 -1 -1 21 -1 -1 -1 -1 14 14 -1 -1 -1 -1 19 7 -1 -1 -1 -1 -1 -1 -1 -1 -1 0 0 5 5 5 5 0 0 0 0 0 0 0
9 -1 -1 -1 -1 -1 0 0 0 5 5 -1 -1 -1 -1 21 -1 -1 -1 -1 -1 -1 -1 -1 -1 19 2 9 -1 -1 -1 -1 -1 -1 -1 0 -1 2 2 -1 -1 -1 -1 2 -1 -1 -1 -1 -1 -1
2 0 0 0 0 0 0 0 0 0 0 0 0 0 0 0 0 0 0 0 -1 -1 0 0 0 0 0 0 0 0 0 0 0 0 0 0 5 2 2 -1 -1 -1 -1 2 -1 -1 -1 -1 -1 -1
2 2 2 2 2 2 2 2 2 2 2 2 2 2 2 2 2 2 2 2 -1 -1 2 2 2 2 2 2 2 2 2 2 2 2 2 2 -1 2 2 -1 -1 -1 -1 2 -1 -1 -1 -1 -1 -1
2 2 2 2 2 2 2 2 2 2 2 2 2 2 2 2 2 2 2 2 -1 -1 2 2 2 2 2 2 2 2 2 2 2 2 2 2 -1 2 2 -1 -1 -1 -1 2 -1 -1 -1 -1 -1 -1